ddzb = 1002695,1002609,1002665,1002985,1002986,1002761,1002760,1002583,1002543,1002448,1052137,1092051,1702232,1702138
ddzq = 1902031,1902032,1902033,1902034,1902035,1902037
xhp = 2022140,2022141,2022139,2022137,1902035,1902037


#（百分比 = 固定值）
hymzjl = 88

#（1 = 2 = 出的概率）
hjgjl = 100,88

#（1 > 2 = 出的概率  3 > 4 = 中奖概率）
dbg = 100,60,100,50
xbg = 100,60,100,50
zsg = 100,80,100,70
fsg = 100,80,100,70
fx = 100,90,100,80
hd = 100,90,100,80
fs = 100,90,100,80
zs = 100,90,100,80
gjs = 100,90,100,80
nh = 100,98,100,98

#（1>2 经验    3>4药水）
bgjl = 100,50,100,70

#（1,2 经验    3,4药水  5,6装备）
sgjl = 100,60,100,50,100,20

#（1,2 经验    3,4药水  5,6装备 7,8坐骑）
wzyjl = 100,70,100,60,100,40,100,85

#（1,2 经验    3,4药水  5,6装备 7,8坐骑）
nhjl = 100,90,100,70,100,30,100,60

#大概范围在500-1000左右
ldgj = 100

#1-10 * 豆豆奖励范围 = 给与奖励
ddjlfw = 1
